#  E [MeV]   E^{2} #times Flux [# cm^{-2} s^{-1}  MeV]
  1.0000e+03   3.61e-12
  1.0898e+03   3.95e-12
  1.1878e+03   4.33e-12
  1.2945e+03   4.73e-12
  1.4108e+03   5.16e-12
  1.5375e+03   5.62e-12
  1.6756e+03   6.11e-12
  1.8262e+03   6.64e-12
  1.9902e+03   7.20e-12
  2.1691e+03   7.81e-12
  2.3639e+03   8.45e-12
  2.5763e+03   9.14e-12
  2.8078e+03   9.87e-12
  3.0600e+03   1.07e-11
  3.3349e+03   1.15e-11
  3.6345e+03   1.24e-11
  3.9611e+03   1.33e-11
  4.3169e+03   1.43e-11
  4.7048e+03   1.53e-11
  5.1275e+03   1.65e-11
  5.5881e+03   1.76e-11
  6.0902e+03   1.89e-11
  6.6373e+03   2.02e-11
  7.2336e+03   2.16e-11
  7.8835e+03   2.31e-11
  8.5918e+03   2.46e-11
  9.3637e+03   2.62e-11
  1.0205e+04   2.80e-11
  1.1122e+04   2.98e-11
  1.2121e+04   3.16e-11
  1.3210e+04   3.35e-11
  1.4397e+04   3.55e-11
  1.5690e+04   3.76e-11
  1.7100e+04   3.96e-11
  1.8636e+04   4.17e-11
  2.0310e+04   4.37e-11
  2.2135e+04   4.57e-11
  2.4124e+04   4.75e-11
  2.6291e+04   4.92e-11
  2.8653e+04   5.08e-11
  3.1227e+04   5.25e-11
  3.4033e+04   5.41e-11
  3.7090e+04   5.58e-11
  4.0423e+04   5.73e-11
  4.4054e+04   5.87e-11
  4.8012e+04   6.00e-11
  5.2325e+04   6.10e-11
  5.7026e+04   6.17e-11
  6.2150e+04   6.23e-11
  6.7733e+04   6.26e-11
  7.3819e+04   6.26e-11
  8.0451e+04   6.23e-11
  8.7679e+04   6.16e-11
  9.5556e+04   6.06e-11
  1.0414e+05   5.93e-11
  1.1350e+05   5.76e-11
  1.2369e+05   5.56e-11
  1.3481e+05   5.33e-11
  1.4692e+05   5.08e-11
  1.6012e+05   4.79e-11
  1.7450e+05   4.48e-11
  1.9018e+05   4.15e-11
  2.0727e+05   3.81e-11
  2.2589e+05   3.46e-11
  2.4618e+05   3.10e-11
  2.6830e+05   2.77e-11
  2.9240e+05   2.44e-11
  3.1867e+05   2.12e-11
  3.4730e+05   1.82e-11
  3.7850e+05   1.56e-11
  4.1251e+05   1.31e-11
  4.4957e+05   1.08e-11
  4.8996e+05   8.83e-12
  5.3398e+05   7.24e-12
  5.8195e+05   5.83e-12
  6.3423e+05   4.59e-12
  6.9122e+05   3.60e-12
  7.5332e+05   2.84e-12
  8.2099e+05   2.21e-12
  8.9475e+05   1.69e-12
  9.7514e+05   1.31e-12
  1.0627e+06   1.04e-12
  1.1582e+06   8.43e-13
  1.2623e+06   7.01e-13
  1.3757e+06   6.12e-13
  1.4993e+06   5.50e-13
  1.6340e+06   4.91e-13
  1.7808e+06   4.38e-13
  1.9408e+06   4.13e-13
  2.1151e+06   1.00e-40
  2.3052e+06   1.00e-40
  2.5123e+06   1.00e-40
  2.7380e+06   1.00e-40
  2.9839e+06   1.00e-40
  3.2520e+06   1.00e-40
  3.5442e+06   1.00e-40
  3.8626e+06   1.00e-40
  4.2096e+06   1.00e-40
  4.5878e+06   1.00e-40
  5.0000e+06   1.00e-40
